-916.031
-902.035
-828.027
-816.068
-796.098
-700.052
-676.029
-576.015
-506.035
-432.046
-341.988
-329.956
-288.028
-283.937
-282.268
-200.007
-166.058
-6.29018
-4.37154
-2.26204
-0.328904
-0.0798671
-0.0737542
-0.0668439
-0.0632558
-0.0567442
-0.0535548
-0.0475748
-0.024186
-0.0140864
1.6765
1.92691
1.94724
1.95468
1.9588
1.96066
1.96199
1.96731
1.97502
1.97781
1.98193
3.66899
3.67874
3.77374
3.93249
3.93967
3.94844
3.95934
3.96439
3.9693
3.98817
3.98844
3.9895
3.99495
4.01183
5.9491
5.97316
5.97887
5.97927
5.9798
5.98193
5.98193
5.98246
5.98299
5.98299
5.98312
5.98512
5.98578
5.98897
5.98924
5.98937
5.99336
5.99455
5.99495
5.99548
5.99588
6.00452
6.01236
6.02844
6.03561
7.95987
7.96651
7.97249
7.98977
7.99628
7.99787
8.00518
8.00691
8.03243
8.03442
8.03482
8.05329
9.9487
9.96492
9.98166
9.98817
9.99455
10.0294
10.0482
11.9923
12.0029
12.0092
12.0429
13.9641
13.9733
13.9741
14.0004
14.0033
14.0056
14.0057
14.0214
14.0238
14.0255
16.008
91.9673
114.017
174.006
256.014
290.023
343.925
399.781
425.981
431.987
443.899
574.032
781.976
921.968
