-846.009
-832.335
-787.997
-766.025
-652.269
-592.044
-565.985
-356.065
-289.964
-252.07
-180.007
-150.05
-117.962
-98.0191
-84.0839
-80.0372
-49.9569
-39.9713
-4.08306
-4.07083
-4.06392
-4.04252
-2.33002
-2.29626
-2.10645
-2.08611
-2.07641
-2.05688
-2.03322
-2.02551
-0.0819934
-0.0647176
-0.0596678
-0.0515615
-0.0489037
-0.0385382
-0.0361462
-0.0288372
-0.0233887
1.76739
1.9208
1.92292
1.92292
1.92465
1.93143
1.93568
1.93714
1.94817
1.94977
1.95136
1.95322
1.95681
1.9612
1.96252
1.96997
1.97103
1.97209
1.97209
1.97316
1.97608
1.98206
1.99336
1.99761
2.04093
3.64007
3.6765
3.92638
3.94963
3.95296
3.95668
3.9588
3.95973
3.96013
3.96279
3.96492
3.96532
3.96558
3.96983
3.97302
3.97395
3.97635
3.9786
3.98219
3.98551
3.98631
3.98977
3.99229
3.99548
3.99708
4.04598
5.92983
5.95163
5.96159
5.96372
5.96757
5.97103
5.97462
5.97661
5.97807
5.97914
5.9814
5.98458
5.98485
5.98698
5.9891
5.98963
5.9911
5.99389
5.99854
6.00558
7.93223
7.93728
7.94817
7.96332
7.97116
7.98326
7.98538
7.98738
7.98777
7.98804
7.99349
7.99522
7.99894
8.00585
8.00598
8.00704
8.01355
8.01781
8.02445
8.03841
9.97993
9.98711
9.99947
10.0144
10.0229
10.0338
10.0532
10.0603
10.0739
11.9658
11.9981
12.0024
12.0054
12.0114
12.0439
12.0447
13.9811
13.9934
13.9957
13.9959
14.017
14.0197
14.0447
14.0708
17.9875
18.0472
31.9619
32.0157
121.953
183.945
239.923
245.96
296.042
365.941
479.93
483.923
526.004
541.997
547.924
857.987
871.958
881.934
